0.000344794 [ 0 1 # 3 1 0 2 3 2 1 ] No of Coefs:  9 |  -16 -8 -4 -2 0 2 4 8 16
0.000000000 [ 0 0 # 2 1 0 0 3 2 1 ] No of Coefs: 10 |  -14 -6 -5 -2 -1 1 2 5 6 14
0.000724558 [ 0 2 # 3 2 0 2 3 2 0 ] No of Coefs: 11 |  -40 -24 -12 -4 -3 0 3 4 12 24 40
0.000000000 [ 0 0 # 0 1 0 0 2 1 0 ] No of Coefs: 12 |  -9 -5 -4 -3 -2 -1 1 2 3 4 5 9
0.001526530 [ 0 0 # 1 3 0 0 3 1 0 ] No of Coefs: 13 |  -70 -22 -14 -7 -2 -1 0 1 2 7 14 22 70
0.000000000 [ 0 0 # 0 1 0 0 3 2 1 ] No of Coefs: 14 |  -17 -9 -8 -5 -4 -3 -2 2 3 4 5 8 9 17
0.001941550 [ 0 3 # 2 3 0 2 3 1 0 ] No of Coefs: 15 |  -92 -44 -36 -28 -8 -2 -1 0 1 2 8 28 36 44 92
0.000000000 [ 0 0 # 0 1 0 2 3 2 0 ] No of Coefs: 16 |  -23 -15 -11 -9 -7 -5 -4 -2 2 4 5 7 9 11 15 23


