Config status:
USE_DISTRIBUTRION_FROM_DISTRIBUTION_FINDER3_6
SEARCH_FOR_BEST_FITTING



found following options.

0.000344794 [ 0 0 3 # 1 2 1 3 3 2 1 1 3 2 1 ] No of Coefs: 15 |  -28 -24 -20 -16 -12 -8 -4 0 4 8 12 16 20 24 28
0.000344794 [ 0 0 0 # 0 1 0 2 3 2 1 1 3 2 1 ] No of Coefs: 17 |  -18 -14 -12 -10 -8 -6 -4 -2 0 2 4 6 8 10 12 14 18
0 [ 0 3 0 # 0 1 0 0 3 2 1 1 3 2 1 ] No of Coefs: 18 |  -19 -17 -15 -11 -9 -7 -5 -3 -1 1 3 5 7 9 11 15 17 19
0.000344794 [ 0 0 0 # 0 1 0 1 3 2 1 1 3 2 1 ] No of Coefs: 19 |  -20 -16 -14 -12 -10 -8 -6 -4 -2 0 2 4 6 8 10 12 14 16 20
0 [ 0 0 0 # 0 1 0 0 3 2 1 1 3 2 1 ] No of Coefs: 20 |  -21 -17 -15 -13 -11 -9 -7 -5 -3 -1 1 3 5 7 9 11 13 15 17 21
0.000344794 [ 0 0 0 # 0 1 0 2 3 2 1 0 3 2 0 ] No of Coefs: 21 |  -16 -12 -10 -8 -7 -6 -4 -3 -2 -1 0 1 2 3 4 6 7 8 10 12 16
0 [ 0 1 0 # 0 1 0 0 3 2 1 2 3 2 1 ] No of Coefs: 22 |  -27 -21 -19 -15 -13 -11 -9 -7 -5 -3 -1 1 3 5 7 9 11 13 15 19 21 27
0.000724558 [ 0 0 1 # 2 3 2 1 3 2 1 1 3 1 0 ] No of Coefs: 23 |  -80 -64 -56 -40 -32 -28 -24 -16 -12 -8 -4 0 4 8 12 16 24 28 32 40 56 64 80
0 [ 0 0 0 # 0 1 0 0 3 2 1 2 3 2 1 ] No of Coefs: 24 |  -25 -21 -19 -17 -15 -13 -11 -9 -7 -5 -3 -1 1 3 5 7 9 11 13 15 17 19 21 25
0.000724558 [ 0 0 0 # 1 3 2 3 3 2 1 2 3 1 0 ] No of Coefs: 25 |  -84 -76 -72 -64 -36 -28 -24 -20 -16 -12 -8 -4 0 4 8 12 16 20 24 28 36 64 72 76 84
0 [ 0 0 1 # 0 1 0 3 3 1 0 1 2 1 0 ] No of Coefs: 26 |  -16 -13 -12 -10 -9 -8 -7 -6 -5 -4 -3 -2 -1 1 2 3 4 5 6 7 8 9 10 12 13 16
0.00112006 [ 0 3 2 # 3 3 1 1 3 2 0 3 3 2 0 ] No of Coefs: 27 |  -112 -104 -80 -72 -62 -56 -48 -30 -24 -16 -8 -6 -2 0 2 6 8 16 24 30 48 56 62 72 80 104 112
0 [ 0 0 0 # 0 1 0 3 3 1 0 1 2 1 0 ] No of Coefs: 28 |  -15 -14 -13 -12 -10 -9 -8 -7 -6 -5 -4 -3 -2 -1 1 2 3 4 5 6 7 8 9 10 12 13 14 15
0.00112006 [ 0 0 1 # 1 2 0 1 3 2 1 2 3 2 0 ] No of Coefs: 29 |  -48 -40 -36 -32 -28 -24 -20 -15 -12 -8 -7 -5 -4 -3 0 3 4 5 7 8 12 15 20 24 28 32 36 40 48
0 [ 0 0 0 # 0 1 0 3 3 2 0 0 2 1 0 ] No of Coefs: 30 |  -16 -14 -13 -12 -11 -10 -9 -8 -7 -6 -5 -4 -3 -2 -1 1 2 3 4 5 6 7 8 9 10 11 12 13 14 16
0.00152653 [ 0 3 0 # 0 3 0 3 3 1 0 0 3 1 0 ] No of Coefs: 31 |  -64 -63 -62 -56 -16 -15 -14 -13 -10 -9 -8 -7 -6 -5 -1 0 1 5 6 7 8 9 10 13 14 15 16 56 62 63 64
0 [ 0 0 0 # 0 1 0 0 3 2 1 3 3 2 1 ] No of Coefs: 32 |  -33 -29 -27 -25 -23 -21 -19 -17 -15 -13 -11 -9 -7 -5 -3 -1 1 3 5 7 9 11 13 15 17 19 21 23 25 27 29 33
0.00152653 [ 0 0 3 # 0 3 0 3 3 1 0 0 3 1 0 ] No of Coefs: 33 |  -65 -63 -62 -56 -17 -15 -14 -13 -9 -8 -7 -6 -5 -4 -2 -1 0 1 2 4 5 6 7 8 9 13 14 15 17 56 62 63 65
0 [ 0 0 0 # 0 1 0 2 3 2 1 3 3 1 0 ] No of Coefs: 34 |  -30 -26 -24 -20 -18 -16 -14 -12 -10 -8 -7 -6 -5 -4 -3 -2 -1 1 2 3 4 5 6 7 8 10 12 14 16 18 20 24 26 30
0.00152653 [ 0 0 0 # 0 3 0 0 3 1 0 0 3 1 0 ] No of Coefs: 35 |  -72 -70 -69 -63 -24 -22 -21 -16 -15 -14 -13 -9 -7 -6 -3 -2 -1 0 1 2 3 6 7 9 13 14 15 16 21 22 24 63 69 70 72
0 [ 0 0 0 # 0 2 0 0 3 2 0 1 3 2 0 ] No of Coefs: 36 |  -40 -38 -35 -31 -24 -22 -19 -15 -12 -10 -8 -7 -6 -5 -4 -3 -2 -1 1 2 3 4 5 6 7 8 10 12 15 19 22 24 31 35 38 40
0.00194155 [ 0 1 2 # 3 3 1 1 3 2 1 3 3 1 0 ] No of Coefs: 37 |  -144 -96 -88 -80 -62 -60 -48 -40 -36 -34 -32 -30 -28 -24 -16 -14 -12 -8 0 8 12 14 16 24 28 30 32 34 36 40 48 60 62 80 88 96 144
0 [ 0 0 0 # 0 1 0 2 3 2 0 3 3 1 0 ] No of Coefs: 38 |  -29 -27 -24 -20 -17 -15 -13 -12 -11 -10 -9 -8 -7 -6 -5 -4 -3 -2 -1 1 2 3 4 5 6 7 8 9 10 11 12 13 15 17 20 24 27 29
0.00236365 [ 0 3 2 # 2 3 0 0 3 1 0 3 3 2 0 ] No of Coefs: 39 |  -124 -120 -116 -92 -88 -84 -68 -64 -60 -36 -27 -24 -20 -12 -8 -5 -4 -3 -1 0 1 3 4 5 8 12 20 24 27 36 60 64 68 84 88 92 116 120 124
0 [ 0 0 0 # 0 1 0 1 3 2 1 3 3 2 0 ] No of Coefs: 40 |  -32 -28 -26 -24 -22 -20 -18 -16 -14 -12 -10 -9 -8 -7 -6 -5 -4 -3 -2 -1 1 2 3 4 5 6 7 8 9 10 12 14 16 18 20 22 24 26 28 32
0.00236365 [ 0 0 2 # 0 3 0 0 3 2 1 2 3 1 0 ] No of Coefs: 41 |  -97 -93 -91 -87 -49 -45 -43 -41 -39 -37 -35 -31 -13 -9 -7 -6 -4 -3 -2 -1 0 1 2 3 4 6 7 9 13 31 35 37 39 41 43 45 49 87 91 93 97
0 [ 0 0 0 # 0 1 0 0 2 1 0 3 2 1 0 ] No of Coefs: 42 |  -24 -22 -21 -20 -19 -18 -17 -16 -15 -14 -13 -12 -11 -10 -9 -8 -7 -6 -5 -4 -2 2 4 5 6 7 8 9 10 11 12 13 14 15 16 17 18 19 20 21 22 24
0.00322536 [ 0 1 2 # 0 3 0 1 3 2 1 3 3 1 0 ] No of Coefs: 43 |  -130 -124 -122 -118 -82 -76 -74 -70 -68 -66 -62 -18 -12 -11 -10 -6 -5 -4 -3 -2 -1 0 1 2 3 4 5 6 10 11 12 18 62 66 68 70 74 76 82 118 122 124 130
0 [ 0 0 0 # 0 1 0 0 2 1 0 3 3 2 0 ] No of Coefs: 44 |  -32 -30 -29 -27 -24 -22 -21 -19 -18 -16 -15 -14 -13 -12 -11 -10 -9 -7 -6 -5 -4 -2 2 4 5 6 7 9 10 11 12 13 14 15 16 18 19 21 22 24 27 29 30 32
0.00322536 [ 0 1 2 # 0 3 0 3 3 2 0 3 3 2 1 ] No of Coefs: 45 |  -124 -119 -116 -112 -92 -87 -84 -80 -76 -71 -68 -64 -16 -12 -9 -8 -7 -6 -4 -3 -2 -1 0 1 2 3 4 6 7 8 9 12 16 64 68 71 76 80 84 87 92 112 116 119 124
0 [ 0 0 0 # 0 2 0 2 3 2 1 3 3 1 0 ] No of Coefs: 46 |  -62 -58 -56 -52 -38 -34 -32 -30 -28 -26 -24 -22 -20 -16 -14 -10 -8 -7 -5 -4 -3 -2 -1 1 2 3 4 5 7 8 10 14 16 20 22 24 26 28 30 32 34 38 52 56 58 62
0.00322536 [ 0 1 2 # 0 3 0 3 3 2 1 3 3 2 0 ] No of Coefs: 47 |  -124 -118 -116 -112 -92 -86 -84 -80 -68 -62 -60 -56 -16 -12 -10 -8 -7 -6 -5 -4 -3 -2 -1 0 1 2 3 4 5 6 7 8 10 12 16 56 60 62 68 80 84 86 92 112 116 118 124
0 [ 0 0 0 # 0 1 0 0 3 1 0 3 3 2 1 ] No of Coefs: 48 |  -32 -30 -29 -24 -23 -22 -21 -20 -18 -17 -16 -15 -14 -13 -12 -11 -10 -9 -8 -7 -6 -4 -3 -1 1 3 4 6 7 8 9 10 11 12 13 14 15 16 17 18 20 21 22 23 24 29 30 32
0.00322536 [ 0 1 0 # 0 3 0 3 3 2 0 3 3 1 0 ] No of Coefs: 49 |  -124 -119 -116 -112 -76 -71 -68 -64 -63 -60 -56 -52 -47 -44 -40 -12 -9 -7 -6 -5 -4 -3 -2 -1 0 1 2 3 4 5 6 7 9 12 40 44 47 52 56 60 63 64 68 71 76 112 116 119 124
0 [ 0 0 0 # 0 2 0 0 2 1 0 3 2 1 0 ] No of Coefs: 50 |  -48 -46 -45 -43 -40 -38 -37 -36 -35 -34 -33 -31 -28 -26 -25 -23 -12 -10 -9 -8 -7 -6 -5 -4 -2 2 4 5 6 7 8 9 10 12 23 25 26 28 31 33 34 35 36 37 38 40 43 45 46 48
0.00322536 [ 0 1 0 # 0 3 0 3 3 2 0 3 3 2 1 ] No of Coefs: 51 |  -124 -119 -116 -112 -92 -87 -84 -80 -76 -71 -68 -64 -44 -39 -36 -32 -12 -10 -8 -7 -6 -4 -3 -2 -1 0 1 2 3 4 6 7 8 10 12 32 36 39 44 64 68 71 76 80 84 87 92 112 116 119 124
0 [ 0 0 0 # 0 1 0 0 2 1 0 3 3 2 1 ] No of Coefs: 52 |  -32 -30 -29 -27 -24 -22 -21 -20 -19 -18 -17 -16 -15 -14 -13 -12 -11 -10 -9 -8 -7 -6 -5 -4 -3 -1 1 3 4 5 6 7 8 9 10 11 12 13 14 15 16 17 18 19 20 21 22 24 27 29 30 32
0.00322536 [ 0 0 1 # 0 3 0 2 3 1 0 3 3 1 0 ] No of Coefs: 53 |  -125 -123 -122 -116 -77 -75 -74 -69 -68 -67 -66 -60 -45 -43 -42 -36 -13 -11 -10 -7 -6 -5 -4 -3 -2 -1 0 1 2 3 4 5 6 7 10 11 13 36 42 43 45 60 66 67 68 69 74 75 77 116 122 123 125
0 [ 0 0 0 # 0 2 0 1 3 2 0 3 3 2 0 ] No of Coefs: 54 |  -63 -61 -58 -54 -47 -45 -42 -38 -35 -33 -30 -27 -26 -25 -22 -18 -15 -13 -11 -10 -9 -8 -6 -4 -3 -2 -1 1 2 3 4 6 8 9 10 11 13 15 18 22 25 26 27 30 33 35 38 42 45 47 54 58 61 63
0.00322536 [ 0 0 0 # 0 3 0 2 3 1 0 3 3 2 0 ] No of Coefs: 55 |  -125 -123 -122 -116 -93 -91 -90 -84 -69 -67 -66 -60 -53 -51 -50 -44 -13 -11 -10 -9 -7 -6 -5 -4 -3 -2 -1 0 1 2 3 4 5 6 7 9 10 11 13 44 50 51 53 60 66 67 69 84 90 91 93 116 122 123 125
0 [ 0 0 0 # 0 2 0 0 2 1 0 3 3 1 0 ] No of Coefs: 56 |  -64 -62 -61 -59 -40 -38 -37 -36 -35 -34 -33 -31 -28 -26 -25 -23 -16 -14 -13 -11 -10 -9 -8 -7 -6 -5 -4 -2 2 4 5 6 7 8 9 10 11 13 14 16 23 25 26 28 31 33 34 35 36 37 38 40 59 61 62 64
0.00322536 [ 0 0 0 # 0 3 0 2 2 1 0 3 3 2 1 ] No of Coefs: 57 |  -125 -123 -122 -120 -93 -91 -90 -88 -77 -75 -74 -72 -45 -43 -42 -40 -13 -11 -10 -9 -8 -7 -6 -5 -4 -3 -2 -1 0 1 2 3 4 5 6 7 8 9 10 11 13 40 42 43 45 72 74 75 77 88 90 91 93 120 122 123 125
0 [ 0 0 0 # 0 2 1 0 3 1 0 3 2 1 0 ] No of Coefs: 58 |  -48 -46 -45 -40 -39 -38 -37 -36 -34 -33 -31 -28 -27 -26 -25 -24 -22 -21 -20 -19 -18 -17 -16 -15 -14 -12 -11 -9 -5 5 9 11 12 14 15 16 17 18 19 20 21 22 24 25 26 27 28 31 33 34 36 37 38 39 40 45 46 48
0.00322536 [ 0 0 1 # 0 3 0 0 3 1 0 3 3 2 0 ] No of Coefs: 59 |  -128 -126 -125 -119 -96 -94 -93 -87 -72 -70 -69 -63 -32 -30 -29 -23 -16 -14 -13 -12 -10 -9 -7 -6 -5 -4 -3 -2 -1 0 1 2 3 4 5 6 7 9 10 12 13 14 16 23 29 30 32 63 69 70 72 87 93 94 96 119 125 126 128
0 [ 0 0 0 # 0 2 0 0 2 1 0 3 3 2 1 ] No of Coefs: 60 |  -64 -62 -61 -59 -48 -46 -45 -43 -40 -38 -37 -35 -24 -22 -21 -19 -16 -14 -13 -12 -11 -10 -9 -8 -7 -6 -5 -4 -3 -1 1 3 4 5 6 7 8 9 10 11 12 13 14 16 19 21 22 24 35 37 38 40 43 45 46 48 59 61 62 64
0.00279183 [ 0 0 1 # 0 3 1 2 3 2 0 3 3 1 0 ] No of Coefs: 61 |  -125 -123 -120 -116 -77 -75 -72 -69 -68 -67 -64 -60 -45 -43 -40 -36 -29 -27 -24 -20 -17 -15 -13 -12 -10 -9 -8 -7 -6 -4 0 4 6 7 8 9 10 12 13 15 17 20 24 27 29 36 40 43 45 60 64 67 68 69 72 75 77 116 120 123 125
0 [ 0 0 0 # 0 2 1 0 3 1 0 3 3 2 0 ] No of Coefs: 62 |  -64 -62 -61 -55 -48 -46 -45 -39 -36 -34 -33 -32 -30 -29 -28 -27 -26 -25 -24 -23 -22 -21 -19 -18 -16 -15 -14 -12 -11 -9 -5 5 9 11 12 14 15 16 18 19 21 22 23 24 25 26 27 28 29 30 32 33 34 36 39 45 46 48 55 61 62 64
0.00279183 [ 0 0 0 # 0 3 1 2 3 1 0 3 3 2 1 ] No of Coefs: 63 |  -125 -123 -122 -116 -93 -91 -90 -84 -77 -75 -74 -68 -45 -43 -42 -36 -29 -27 -26 -21 -20 -19 -18 -17 -15 -14 -12 -9 -8 -7 -6 0 6 7 8 9 12 14 15 17 18 19 20 21 26 27 29 36 42 43 45 68 74 75 77 84 90 91 93 116 122 123 125
0 [ 0 0 0 # 0 2 1 0 2 1 0 3 3 2 0 ] No of Coefs: 64 |  -64 -62 -61 -59 -48 -46 -45 -43 -36 -34 -33 -32 -31 -30 -29 -28 -27 -26 -25 -24 -23 -22 -21 -19 -18 -16 -15 -14 -13 -12 -11 -9 9 11 12 13 14 15 16 18 19 21 22 23 24 25 26 27 28 29 30 31 32 33 34 36 43 45 46 48 59 61 62 64

all tested cases: 98304
solution count: 66303
coefficient count overview:
solutions with ; 0 ; coeffs: ; 0
solutions with ; 1 ; coeffs: ; 0
solutions with ; 2 ; coeffs: ; 0
solutions with ; 3 ; coeffs: ; 0
solutions with ; 4 ; coeffs: ; 0
solutions with ; 5 ; coeffs: ; 0
solutions with ; 6 ; coeffs: ; 0
solutions with ; 7 ; coeffs: ; 0
solutions with ; 8 ; coeffs: ; 0
solutions with ; 9 ; coeffs: ; 0
solutions with ; 10 ; coeffs: ; 0
solutions with ; 11 ; coeffs: ; 0
solutions with ; 12 ; coeffs: ; 0
solutions with ; 13 ; coeffs: ; 0
solutions with ; 14 ; coeffs: ; 0
solutions with ; 15 ; coeffs: ; 12
solutions with ; 16 ; coeffs: ; 0
solutions with ; 17 ; coeffs: ; 36
solutions with ; 18 ; coeffs: ; 3
solutions with ; 19 ; coeffs: ; 68
solutions with ; 20 ; coeffs: ; 13
solutions with ; 21 ; coeffs: ; 93
solutions with ; 22 ; coeffs: ; 23
solutions with ; 23 ; coeffs: ; 313
solutions with ; 24 ; coeffs: ; 25
solutions with ; 25 ; coeffs: ; 718
solutions with ; 26 ; coeffs: ; 54
solutions with ; 27 ; coeffs: ; 1047
solutions with ; 28 ; coeffs: ; 85
solutions with ; 29 ; coeffs: ; 1767
solutions with ; 30 ; coeffs: ; 173
solutions with ; 31 ; coeffs: ; 2324
solutions with ; 32 ; coeffs: ; 284
solutions with ; 33 ; coeffs: ; 2737
solutions with ; 34 ; coeffs: ; 467
solutions with ; 35 ; coeffs: ; 3351
solutions with ; 36 ; coeffs: ; 777
solutions with ; 37 ; coeffs: ; 4142
solutions with ; 38 ; coeffs: ; 947
solutions with ; 39 ; coeffs: ; 4393
solutions with ; 40 ; coeffs: ; 1166
solutions with ; 41 ; coeffs: ; 4389
solutions with ; 42 ; coeffs: ; 1593
solutions with ; 43 ; coeffs: ; 4456
solutions with ; 44 ; coeffs: ; 1924
solutions with ; 45 ; coeffs: ; 3982
solutions with ; 46 ; coeffs: ; 1897
solutions with ; 47 ; coeffs: ; 3539
solutions with ; 48 ; coeffs: ; 2176
solutions with ; 49 ; coeffs: ; 3045
solutions with ; 50 ; coeffs: ; 1963
solutions with ; 51 ; coeffs: ; 2305
solutions with ; 52 ; coeffs: ; 2042
solutions with ; 53 ; coeffs: ; 1529
solutions with ; 54 ; coeffs: ; 1716
solutions with ; 55 ; coeffs: ; 810
solutions with ; 56 ; coeffs: ; 1440
solutions with ; 57 ; coeffs: ; 354
solutions with ; 58 ; coeffs: ; 782
solutions with ; 59 ; coeffs: ; 138
solutions with ; 60 ; coeffs: ; 624
solutions with ; 61 ; coeffs: ; 45
solutions with ; 62 ; coeffs: ; 312
solutions with ; 63 ; coeffs: ; 20
solutions with ; 64 ; coeffs: ; 204
/home/hardieck/Work/MCM__Permutationn/bin/MCM_Permutation exited with code 0
